id;nhogar;zona;v2_3;v4;h2_2;hacinam_3;tipoho_2;fexp
1;1;2;2;3;1;2;1;1137
1;2;2;2;3;1;1;2;1137
2;1;3;2;2;2;1;3;359
3;1;2;3;1;2;1;2;398
4;1;1;2;2;2;1;2;1231
5;1;1;2;2;2;1;3;492
6;1;2;2;2;2;1;3;1224
7;1;1;2;3;2;1;3;414
8;1;3;1;1;3;2;1;366
9;1;2;3;1;2;1;2;1145
10;1;1;2;3;3;1;2;752
11;1;2;3;1;2;1;2;302
12;1;1;2;2;2;1;3;625
13;1;3;1;2;3;1;3;138
14;1;2;3;1;2;2;1;521
15;1;3;1;1;3;2;1;256
16;1;2;2;3;3;1;1;484
17;1;2;2;1;2;2;1;1107
18;1;2;2;4;1;1;2;168
19;1;2;2;3;1;1;3;1132
20;1;2;2;1;2;2;3;734
21;1;1;2;3;2;1;3;530
22;1;1;2;3;1;1;2;705
23;1;1;2;2;3;1;2;907
24;1;2;2;2;1;1;2;839
25;1;2;3;1;2;1;2;186
26;1;3;2;2;3;2;3;923
27;1;2;3;1;2;1;2;240
28;1;2;3;1;2;1;2;179
29;1;3;3;1;2;2;1;293
30;1;3;2;3;1;1;1;257
31;1;2;2;3;2;1;1;142
32;1;1;2;3;2;1;3;864
33;1;3;1;1;3;2;1;293
34;1;1;2;3;1;1;2;172
35;1;1;2;3;3;1;3;757
36;1;1;2;1;2;1;2;1108
37;1;1;2;3;2;1;3;513
38;1;1;2;2;2;1;3;473
39;1;1;2;1;2;1;2;956
40;1;1;2;3;2;1;3;83
41;1;2;2;1;2;2;1;145
42;1;2;3;1;2;2;1;549
43;1;3;1;2;2;1;1;757
44;1;2;3;1;2;2;1;150
45;1;3;1;1;2;2;1;312
46;1;3;2;1;3;2;1;330
47;1;2;3;1;2;2;1;418
48;1;3;2;1;3;2;1;294
49;1;2;1;6;2;1;1;2081
50;1;3;1;2;3;2;1;321
51;1;1;2;4;2;1;3;388
52;1;1;2;3;1;1;2;1123
53;1;2;2;3;2;1;3;1017
54;1;1;2;4;2;1;3;499
55;1;1;2;3;2;1;3;768
56;1;2;2;1;2;1;2;599
57;1;1;2;2;2;1;1;607
58;1;2;2;1;2;1;2;761
59;1;1;2;1;2;2;3;426
60;1;1;2;2;2;1;2;574
61;1;2;2;1;2;1;2;968
62;1;1;2;1;2;1;2;802
63;1;2;3;1;2;1;2;214
64;1;2;3;1;2;1;2;203
65;1;2;2;2;2;1;2;1099
66;1;3;1;3;3;1;1;311
67;1;3;1;2;2;1;1;257
68;1;3;3;2;2;1;1;354
69;1;3;1;2;3;2;1;437
70;1;2;2;3;2;1;3;1079
71;1;3;2;2;2;1;1;912
72;1;1;2;2;2;1;1;791
73;1;2;2;2;3;1;2;384
74;1;2;2;2;2;1;3;1343
75;1;1;2;1;2;2;1;84
76;1;1;2;2;2;1;2;818
77;1;1;2;3;1;1;1;886
78;1;1;2;3;2;1;1;835
79;1;1;2;2;2;1;1;797
80;1;1;2;2;2;1;2;704
81;1;1;2;2;2;1;2;845
82;1;3;2;2;3;1;1;551
83;1;3;1;2;3;1;1;294
84;1;2;2;2;2;1;1;442
85;1;3;1;1;3;2;1;311
86;1;2;1;4;3;2;1;744
86;2;2;1;4;3;1;1;744
87;1;2;3;1;2;1;2;170
88;1;3;1;5;1;2;1;408
88;2;3;1;5;1;2;1;408
89;1;1;2;2;2;1;1;645
90;1;1;2;3;2;1;3;461
91;1;2;3;1;2;1;2;1051
92;1;1;2;1;2;2;1;529
93;1;2;2;2;2;1;2;1418
94;1;2;1;2;2;1;1;951
95;1;3;1;5;2;1;3;163
96;1;1;2;3;2;1;2;619
97;1;1;2;2;3;1;2;294
98;1;2;2;2;2;1;1;553
99;1;2;2;2;3;1;2;1425
100;1;2;2;1;2;2;1;1239
101;1;1;2;1;2;1;2;541
102;1;1;2;2;2;1;3;312
103;1;2;2;4;3;1;2;474
104;1;2;2;2;2;1;2;270
105;1;1;2;2;2;1;2;725
106;1;1;2;2;2;1;2;112
107;1;1;2;3;2;1;3;569
108;1;2;3;1;2;1;2;224
109;1;3;3;1;2;2;1;400
110;1;3;1;2;2;1;1;322
111;1;3;2;2;2;1;1;192
112;1;3;2;3;2;1;1;68
113;1;1;3;1;2;1;2;248
114;1;3;1;2;3;2;1;331
115;1;1;2;1;2;2;1;472
116;1;2;1;2;3;1;1;287
117;1;2;1;4;1;1;2;1250
118;1;1;2;4;3;1;1;363
119;1;1;2;1;2;1;2;738
120;1;2;2;2;2;1;1;2033
121;1;2;2;2;2;1;2;1751
122;1;2;3;1;2;1;2;321
123;1;2;3;1;2;1;2;434
124;1;1;2;3;3;1;2;929
125;1;2;2;2;3;1;3;1238
126;1;2;2;1;3;2;1;458
127;1;1;2;3;2;1;3;530
128;1;1;2;1;2;1;2;663
129;1;1;2;2;2;1;1;426
130;1;1;2;3;2;1;3;462
131;1;1;2;1;2;1;2;1106
132;1;1;2;2;2;1;2;670
133;1;1;2;2;2;1;2;921
134;1;1;2;3;2;1;1;430
135;1;2;2;2;1;1;1;287
136;1;3;3;1;2;2;1;302
137;1;2;3;1;2;2;1;302
138;1;2;2;3;2;1;1;414
139;1;3;1;2;3;2;1;339
140;1;3;2;3;2;1;1;621
141;1;1;2;1;2;1;2;730
142;1;3;2;3;2;1;1;176
143;1;3;1;2;2;2;1;293
144;1;1;2;3;2;1;3;382
145;1;1;2;3;2;0;2;729
146;1;3;1;2;3;1;1;302
147;1;2;2;3;2;1;2;1215
148;1;2;2;2;2;1;2;589
149;1;2;3;1;2;1;2;436
150;1;1;2;2;2;1;2;709
151;1;2;2;2;2;1;2;1357
152;1;1;2;2;2;1;2;618
153;1;1;3;1;2;2;1;166
154;1;1;2;3;1;1;3;448
155;1;1;2;2;2;1;2;541
156;1;2;2;2;2;1;2;474
157;1;1;2;1;2;1;2;757
158;1;2;3;1;2;1;2;116
159;1;1;2;2;1;1;2;1155
160;1;3;2;2;1;2;1;77
161;1;2;2;2;3;1;2;1376
162;1;3;2;3;2;1;1;70
163;1;2;2;2;2;1;2;154
164;1;2;1;2;3;1;1;263
165;1;2;2;1;2;1;2;1376
166;1;2;3;1;2;2;1;212
167;1;3;2;3;3;1;1;174
168;1;3;2;3;2;1;1;153
169;1;2;1;2;3;1;1;286
170;1;3;1;2;2;2;1;458
171;1;1;3;1;2;1;2;295
172;1;2;2;1;2;1;2;1440
173;1;3;2;2;2;1;1;737
174;1;2;1;2;3;2;1;328
175;1;3;2;2;2;2;1;148
176;1;2;2;4;1;1;2;2141
177;1;2;2;6;1;1;1;275
178;1;2;2;2;2;2;1;888
179;1;2;2;2;2;1;1;1686
180;1;3;2;2;2;1;2;488
181;1;1;2;3;2;1;1;386
182;1;2;2;2;2;1;2;1325
183;1;2;2;3;2;1;2;657
184;1;1;2;2;2;1;1;729
185;1;1;2;2;2;1;1;369
186;1;1;2;3;2;1;1;569
187;1;3;2;1;2;1;2;464
188;1;2;2;3;2;1;2;1791
189;1;2;2;3;2;1;1;465
190;1;1;2;3;2;1;3;451
191;1;1;2;2;2;1;2;1127
192;1;1;2;2;2;1;1;423
193;1;3;2;2;2;1;2;545
194;1;1;2;1;2;1;2;159
195;1;3;1;2;3;2;1;348
196;1;2;1;3;3;1;1;288
197;1;3;1;1;3;2;1;276
198;1;2;2;1;2;1;2;378
199;1;3;1;1;3;2;1;356
200;1;3;2;3;3;1;1;713
201;1;2;2;1;2;2;1;2314
202;1;3;2;3;1;1;3;464
203;1;2;1;1;2;2;1;371
204;1;3;1;2;3;1;1;294
205;1;1;2;2;2;1;1;527
206;1;3;1;2;3;2;1;449
207;1;2;2;2;2;2;1;797
208;1;2;2;2;2;1;1;1497
209;1;1;2;4;3;1;2;688
210;1;3;2;1;2;1;2;652
211;1;1;2;2;1;1;1;489
212;1;3;1;6;1;1;2;581
213;1;1;2;2;2;1;1;446
214;1;1;2;5;1;1;3;391
215;1;1;2;2;2;1;2;542
216;1;1;2;3;2;1;1;523
217;1;2;2;2;2;1;1;188
218;1;1;2;5;2;1;3;318
219;1;1;2;1;2;2;1;713
220;1;1;2;2;2;1;1;520
221;1;1;2;3;1;1;1;461
222;1;1;2;2;1;1;1;338
223;1;1;2;2;2;1;1;90
224;1;3;2;2;1;1;2;762
225;1;1;2;2;2;1;1;1056
226;1;2;2;2;2;1;1;1548
227;1;2;3;2;2;2;1;347
228;1;2;3;1;2;2;1;302
229;1;3;1;2;2;1;1;276
230;1;3;1;1;1;2;1;302
231;1;2;3;1;2;1;2;160
232;1;2;2;4;1;1;1;1339
233;1;3;1;2;3;1;1;276
234;1;3;2;2;2;1;1;245
235;1;2;2;1;2;2;1;2044
236;1;3;2;2;2;1;1;826
237;1;2;2;2;2;2;1;253
238;1;3;1;3;3;1;1;330
239;1;3;2;3;3;2;1;439
240;1;2;2;3;2;1;1;1798
241;1;2;2;1;2;1;2;304
242;1;2;1;2;3;2;1;333
243;1;2;2;2;3;1;2;1377
244;1;2;2;2;2;1;1;771
245;1;2;2;2;2;1;2;766
246;1;1;2;2;2;1;2;810
247;1;2;2;1;2;1;2;631
248;1;1;2;3;2;1;1;720
249;1;2;2;2;2;1;2;579
250;1;1;2;3;1;1;1;490
251;1;3;2;2;1;1;1;359
252;1;1;2;3;1;1;2;632
253;1;1;2;2;1;1;2;607
254;1;2;2;3;2;1;2;2290
255;1;1;2;1;2;1;2;137
256;1;2;2;2;1;1;2;276
257;1;2;2;1;2;2;1;258
258;1;2;2;1;2;1;2;169
259;1;1;2;2;2;1;2;131
260;1;1;2;2;2;1;2;711
261;1;1;2;1;2;1;2;109
262;1;3;2;1;2;1;2;522
263;1;2;2;3;2;1;3;1429
264;1;1;2;2;2;1;3;415
265;1;1;2;2;2;1;1;362
266;1;1;2;2;1;1;3;432
267;1;2;2;2;2;1;1;1193
268;1;2;1;2;3;2;1;302
269;1;2;1;3;3;1;1;264
270;1;3;2;2;2;1;1;652
271;1;2;3;1;2;2;1;421
272;1;3;1;2;1;2;1;193
273;1;2;1;1;3;2;1;365
274;1;2;1;1;3;2;1;284
275;1;3;3;2;2;2;1;471
276;1;3;2;2;2;1;2;843
277;1;3;2;3;1;1;1;564
278;1;2;1;3;3;1;2;150
279;1;2;2;2;2;1;1;876
280;1;2;2;2;2;1;1;1683
281;1;2;2;2;2;1;1;664
282;1;2;2;2;2;1;1;542
283;1;2;2;3;2;1;1;1009
284;1;2;3;1;3;2;1;603
285;1;2;2;2;2;1;1;2172
286;1;3;2;4;1;1;3;424
287;1;3;1;5;2;1;1;57
288;1;2;2;2;2;1;1;1203
289;1;2;2;3;2;1;1;877
290;1;3;1;3;2;1;1;165
291;1;1;2;2;2;1;1;550
292;1;1;2;2;2;1;2;664
293;1;2;2;1;1;2;1;2045
294;1;2;2;3;2;1;1;214
295;1;1;2;3;1;1;1;290
296;1;2;2;2;2;1;2;542
297;1;1;2;2;1;1;2;664
298;1;1;2;2;2;1;2;607
299;1;1;2;1;1;1;2;531
300;1;1;2;3;1;1;2;664
301;1;2;2;1;1;2;1;1472
302;1;1;2;2;2;1;2;968
303;1;2;2;3;3;1;2;1751
304;1;3;1;3;3;1;1;1378
305;1;2;1;3;2;1;1;1374
306;1;1;2;2;2;1;1;359
307;1;2;2;2;2;1;1;1315
308;1;1;2;3;2;1;1;431
309;1;3;2;3;1;1;1;734
310;1;2;2;1;3;1;2;1376
311;1;3;2;2;2;1;1;179
312;1;2;2;1;2;1;2;1251
313;1;3;1;1;3;2;1;275
314;1;2;3;1;2;2;1;254
315;1;3;2;2;2;2;1;999
316;1;3;2;2;2;2;1;293
317;1;3;2;3;2;1;2;521
318;1;1;2;2;1;1;1;348
319;1;2;2;2;2;1;2;1786
320;1;3;2;2;2;2;1;222
321;1;3;2;3;1;1;1;599
322;1;2;2;3;1;1;1;1668
323;1;2;2;3;1;1;1;1265
324;1;1;2;1;2;1;2;1040
325;1;2;2;3;1;1;2;596
326;1;1;2;5;1;1;1;653
327;1;2;2;3;2;1;1;575
328;1;2;2;2;3;1;1;481
329;1;1;2;2;2;1;1;464
330;1;2;2;2;2;1;2;602
331;1;1;2;2;2;1;2;645
332;1;1;2;3;1;1;1;518
333;1;2;2;2;2;1;1;285
334;1;1;2;2;2;1;2;711
335;1;1;2;2;2;1;1;483
336;1;2;2;3;1;1;3;1250
337;1;2;2;1;2;2;1;1193
338;1;1;2;3;1;1;1;645
339;1;2;2;1;2;1;2;1356
340;1;1;2;2;2;1;2;1031
341;1;3;2;3;2;1;1;592
342;1;2;3;1;2;2;1;362
343;1;1;3;1;2;1;2;252
344;1;1;2;3;1;1;2;1276
345;1;2;3;2;2;2;1;257
346;1;1;2;2;1;1;1;443
347;1;3;1;2;3;2;1;347
348;1;3;2;5;3;1;1;904
349;1;3;3;2;3;2;1;261
350;1;2;2;1;3;2;1;1725
351;1;3;2;2;2;1;1;638
352;1;2;1;2;3;2;1;300
353;1;2;3;1;2;2;1;216
354;1;3;2;3;2;1;1;188
355;1;2;1;1;2;2;1;259
356;1;2;2;2;2;1;1;724
357;1;3;1;3;3;1;1;291
358;1;3;3;1;2;2;1;417
359;1;3;2;2;2;1;2;399
360;1;2;2;4;2;1;1;204
361;1;3;1;1;2;2;1;293
362;1;2;2;3;2;1;3;148
363;1;3;2;3;2;1;1;733
364;1;3;2;1;2;1;2;161
365;1;2;3;1;3;2;1;154
366;1;2;2;3;2;1;1;1367
367;1;1;2;3;1;1;1;910
368;1;1;2;2;2;1;2;819
369;1;2;2;2;3;2;1;2415
370;1;2;2;2;2;1;2;1424
371;1;2;2;2;2;1;2;596
372;1;2;2;2;2;1;2;663
373;1;2;2;2;2;1;3;697
374;1;3;2;2;1;1;2;567
375;1;2;2;2;1;1;1;1429
376;1;2;2;3;2;1;1;415
377;1;1;2;3;2;1;3;461
378;1;2;2;2;1;1;1;541
379;1;1;2;2;1;1;2;744
380;1;2;1;1;2;2;1;252
381;1;2;2;1;1;1;2;315
382;1;1;2;2;2;1;2;841
383;1;1;2;2;2;1;1;63
384;1;1;2;3;2;1;1;59
385;1;3;2;2;2;1;3;171
386;1;1;2;3;2;1;1;596
387;1;1;2;1;2;2;1;337
388;1;3;1;3;3;1;3;310
389;1;2;3;1;2;1;2;166
390;1;3;1;3;3;1;1;239
391;1;2;3;1;2;1;2;117
392;1;2;3;1;2;1;2;224
393;1;3;2;2;2;1;1;204
394;1;2;2;1;2;2;1;1433
395;1;3;2;3;2;1;3;536
396;1;2;2;3;2;1;3;1308
397;1;2;3;1;2;2;1;177
398;1;1;2;2;2;1;1;790
399;1;2;2;4;2;1;1;2073
400;1;2;3;1;2;1;2;172
401;1;1;3;1;3;2;1;216
402;1;2;1;2;3;1;1;288
403;1;2;3;1;3;2;1;177
404;1;1;2;2;1;1;1;90
405;1;3;2;3;1;1;2;48
406;1;2;2;2;1;1;1;487
407;1;2;2;2;1;1;1;1549
408;1;2;3;1;2;2;1;456
409;1;3;2;3;1;1;2;134
410;1;1;2;3;3;1;1;571
411;1;1;2;3;2;1;1;335
412;1;1;2;2;2;1;2;811
413;1;3;2;3;1;1;1;815
414;1;3;2;1;2;1;2;687
415;1;2;2;1;2;1;2;918
416;1;2;2;2;2;1;1;517
417;1;1;2;2;1;1;2;541
418;1;2;2;3;1;1;1;498
419;1;2;3;4;3;1;1;120
420;1;1;2;2;2;1;2;1022
421;1;1;2;2;2;1;1;536
422;1;2;2;2;1;1;1;632
423;1;3;2;3;1;1;1;58
424;1;1;2;3;3;1;2;946
425;1;2;2;2;2;1;1;464
426;1;1;2;2;2;1;2;516
427;1;1;2;2;2;1;2;1021
428;1;2;1;1;2;2;1;288
429;1;2;2;1;2;2;1;298
430;1;2;3;1;2;1;2;437
431;1;3;3;1;3;1;2;146
432;1;3;1;4;2;1;3;258
432;2;3;1;4;2;2;1;258
433;1;2;2;3;2;1;1;499
434;1;2;2;1;2;2;1;1570
435;1;2;2;2;2;2;1;554
436;1;3;1;3;3;1;1;292
437;1;2;2;3;2;1;2;137
438;1;2;2;1;2;2;1;149
439;1;2;2;4;1;1;1;197
440;1;2;2;1;1;1;2;434
441;1;2;3;2;2;2;1;413
442;1;3;2;2;2;2;1;625
443;1;1;2;5;3;1;1;694
444;1;3;3;1;2;1;2;356
445;1;3;1;4;1;1;3;56
446;1;3;2;3;1;1;1;596
447;1;2;2;3;1;1;1;2052
448;1;2;2;1;2;1;2;522
449;1;3;2;2;1;1;1;1205
450;1;3;2;2;2;1;1;151
451;1;1;2;4;1;1;1;362
452;1;3;2;3;2;1;1;85
453;1;3;2;4;2;1;1;62
454;1;1;2;2;2;1;2;765
455;1;1;2;3;2;1;1;130
456;1;3;2;2;2;1;1;657
457;1;2;2;2;2;1;2;1338
458;1;2;3;1;2;2;1;178
459;1;3;2;2;2;2;1;759
460;1;1;2;1;3;2;1;727
461;1;3;3;2;2;2;1;322
462;1;3;1;1;3;1;2;231
463;1;3;1;3;1;1;1;152
464;1;2;3;2;3;2;1;323
465;1;2;3;1;2;1;2;224
466;1;2;1;3;1;1;1;2023
467;1;1;1;4;2;1;1;454
468;1;3;2;4;2;2;1;1402
469;1;1;2;2;3;2;1;746
470;1;3;2;2;2;1;1;276
471;1;1;2;2;2;1;2;618
472;1;2;2;3;1;1;1;536
473;1;3;1;4;3;1;1;294
474;1;3;2;3;3;1;1;592
475;1;1;2;2;2;1;2;638
476;1;2;2;2;2;1;2;1427
477;1;2;2;3;1;1;1;413
478;1;1;2;2;2;1;2;664
479;1;3;2;2;1;1;2;490
480;1;2;2;1;2;1;2;158
481;1;1;2;1;2;1;2;1071
482;1;2;2;3;2;1;2;2188
483;1;1;2;4;2;1;1;398
484;1;1;2;3;3;1;1;938
485;1;3;2;3;2;1;1;596
486;1;1;2;4;1;1;1;646
487;1;3;2;1;3;2;1;303
488;1;3;2;1;2;2;1;177
489;1;3;2;2;1;2;1;673
490;1;2;2;3;3;2;1;1394
491;1;2;3;1;2;2;1;291
492;1;1;2;2;2;1;1;305
493;1;3;1;2;3;2;1;273
494;1;1;2;2;2;1;2;670
495;1;3;2;3;3;2;1;855
496;1;2;1;2;3;1;1;239
497;1;3;2;2;2;2;1;329
498;1;3;1;3;1;1;1;75
499;1;2;2;2;1;1;1;1872
500;1;3;2;1;2;2;1;698
501;1;1;2;1;2;2;1;595
502;1;2;2;2;2;2;1;1058
503;1;3;2;3;1;1;1;629
504;1;1;2;3;2;1;1;339
505;1;3;2;4;2;1;1;634
506;1;1;2;1;1;1;2;871
507;1;2;1;6;1;1;1;1300
508;1;1;2;2;2;1;1;522
509;1;2;2;3;2;1;1;2262
510;1;3;2;3;1;1;1;750
511;1;2;2;2;3;1;2;2141
512;1;2;2;2;2;1;2;608
513;1;1;2;3;2;1;1;416
514;1;1;2;4;1;1;1;873
515;1;1;2;1;2;1;2;1548
516;1;1;2;4;3;1;1;373
517;1;2;2;2;1;2;1;230
518;1;2;3;1;2;2;1;600
519;1;2;3;1;2;2;1;145
520;1;2;3;2;2;2;1;298
521;1;3;1;2;3;2;1;532
522;1;3;1;2;1;1;1;127
523;1;3;3;1;2;1;2;329
524;1;2;2;1;2;1;2;486
525;1;2;1;1;2;2;1;333
526;1;1;3;1;2;2;1;207
527;1;3;1;4;1;1;3;134
528;1;2;2;1;3;1;2;1378
529;1;2;2;2;2;1;1;2001
530;1;1;2;6;2;1;1;61
531;1;1;2;2;2;1;2;532
532;1;2;2;2;1;1;2;1424
533;1;1;2;4;2;1;1;1125
534;1;2;1;3;2;1;1;1703
535;1;1;2;4;1;1;1;195
536;1;2;2;3;3;1;1;1359
537;1;1;2;3;2;1;1;1013
538;1;2;2;4;2;1;1;464
539;1;2;2;3;1;1;1;382
540;1;1;2;3;1;1;1;560
541;1;2;2;2;2;1;2;1135
542;1;1;2;1;2;1;2;751
543;1;2;2;3;1;1;1;665
544;1;2;1;2;3;2;1;216
545;1;2;1;2;3;1;1;241
546;1;3;1;3;1;1;1;620
547;1;1;2;2;2;1;1;495
548;1;3;1;3;3;1;1;319
549;1;2;3;1;2;1;2;526
550;1;3;1;3;3;2;1;279
551;1;2;3;1;2;2;1;252
552;1;2;2;2;2;2;1;210
553;1;2;3;1;2;2;1;183
554;1;3;2;3;2;1;1;384
555;1;2;3;1;2;2;1;145
556;1;3;2;3;1;1;1;1390
557;1;2;2;3;1;1;1;2163
558;1;3;1;3;3;1;1;291
559;1;1;2;4;1;1;1;389
560;1;3;1;3;3;1;1;237
561;1;1;3;1;3;2;1;167
562;1;1;3;1;2;1;2;258
563;1;2;3;1;2;2;1;385
564;1;2;2;3;2;1;3;178
565;1;3;2;3;2;1;1;73
566;1;1;2;2;1;1;1;731
567;1;3;1;4;2;2;1;872
568;1;3;2;2;2;1;2;153
569;1;2;2;1;1;1;2;1189
570;1;2;2;2;2;1;2;397
571;1;2;2;2;2;1;2;834
572;1;1;2;2;2;1;2;651
573;1;2;2;3;2;1;1;431
574;1;2;2;3;2;1;2;216
575;1;2;1;3;1;1;1;1367
576;1;1;2;2;1;1;1;478
577;1;2;2;2;1;1;1;1188
578;1;2;2;3;1;1;1;1153
579;1;3;1;2;3;2;1;522
580;1;2;2;3;1;1;1;786
581;1;3;1;8;1;1;1;267
582;1;2;2;3;3;1;1;973
583;1;1;2;2;2;1;1;850
584;1;1;2;2;2;1;2;157
585;1;1;2;4;2;1;1;783
586;1;2;2;2;2;1;2;347
587;1;1;2;7;1;1;1;470
588;1;2;1;4;3;1;1;1081
589;1;2;1;2;3;2;1;230
590;1;2;1;3;2;1;1;1526
591;1;2;3;1;2;2;1;276
592;1;2;3;1;2;2;1;216
593;1;3;2;2;2;2;1;90
594;1;2;1;3;3;1;1;1946
595;1;3;2;3;1;1;1;532
596;1;2;2;2;2;2;1;302
597;1;2;2;1;2;1;2;149
598;1;3;2;4;3;2;1;1682
599;1;2;2;3;1;1;1;1648
600;1;3;2;3;1;1;2;465
601;1;3;2;3;1;1;3;61
602;1;1;2;3;3;1;1;559
603;1;3;2;3;2;1;1;71
604;1;2;2;3;2;1;1;2027
605;1;3;1;4;1;1;1;878
606;1;2;2;4;1;1;1;2741
607;1;3;1;4;3;1;1;702
608;1;1;2;4;2;1;1;955
609;1;1;2;4;2;1;1;714
610;1;1;2;2;2;1;2;724
611;1;1;2;3;2;1;1;700
612;1;1;2;4;1;1;1;363
613;1;2;3;1;2;1;2;241
614;1;2;1;4;1;1;1;469
615;1;2;2;4;2;1;1;1194
616;1;1;2;4;2;1;1;307
617;1;3;2;4;1;1;1;572
618;1;3;1;4;1;1;1;191
619;1;3;1;4;3;1;1;352
620;1;2;1;3;3;2;1;270
621;1;3;1;2;3;2;1;255
622;1;2;1;3;3;1;1;331
623;1;3;1;3;3;2;1;490
624;1;3;2;2;2;1;2;772
625;1;3;3;2;2;2;1;371
626;1;2;3;3;2;1;1;166
627;1;1;2;1;2;1;2;670
628;1;3;1;5;1;1;1;843
629;1;2;2;3;1;1;1;306
630;1;2;2;2;2;2;1;286
631;1;2;1;1;1;1;2;162
632;1;3;1;4;1;1;1;1094
633;1;1;2;2;2;1;2;670
634;1;2;2;2;2;1;1;656
635;1;2;1;1;2;2;1;258
636;1;2;2;2;1;1;2;781
637;1;1;2;5;1;1;1;64
638;1;3;2;3;1;1;1;667
639;1;2;2;3;2;1;1;710
640;1;1;1;3;1;1;1;734
641;1;2;2;1;1;1;2;1251
642;1;1;2;4;1;1;1;1528
643;1;2;1;6;1;1;1;2027
644;1;1;2;1;2;1;2;157
645;1;2;2;5;3;1;1;585
646;1;2;2;4;1;1;1;2707
647;1;2;2;3;2;1;1;1968
648;1;2;2;3;1;1;3;1416
649;1;2;2;3;1;1;1;1054
650;1;2;2;3;1;1;1;237
651;1;1;2;2;1;1;2;1268
652;1;2;2;3;2;1;1;1106
653;1;2;2;3;1;1;1;979
654;1;2;2;2;1;1;2;657
655;1;2;2;2;2;1;3;1561
656;1;1;2;6;2;1;1;379
657;1;3;2;3;2;1;1;630
658;1;3;1;1;3;2;1;311
659;1;3;1;5;3;1;1;307
660;1;3;1;3;1;2;1;147
661;1;2;3;1;2;2;1;102
662;1;3;2;2;1;2;1;255
663;1;2;1;3;3;1;1;240
664;1;2;3;2;2;2;1;261
665;1;2;3;1;2;2;1;198
666;1;1;2;2;2;1;1;350
667;1;1;2;2;3;1;2;811
668;1;2;2;2;2;1;1;2674
669;1;2;1;3;3;1;1;315
670;1;3;1;1;2;1;2;187
671;1;2;3;1;2;2;1;421
672;1;3;1;3;1;1;3;126
673;1;2;1;1;2;2;1;232
674;1;1;2;4;1;1;1;434
675;1;2;2;2;3;2;1;1422
676;1;2;2;5;1;1;1;1480
677;1;1;2;3;2;1;1;891
678;1;2;1;3;2;1;2;510
679;1;3;2;1;2;2;1;516
680;1;3;2;4;1;1;1;315
681;1;2;2;3;1;1;1;1047
682;1;1;2;4;2;1;1;349
683;1;2;1;3;1;1;1;448
684;1;2;2;1;2;2;1;1665
685;1;2;2;3;1;1;1;1654
686;1;3;2;2;1;1;1;473
687;1;2;2;3;3;1;1;135
688;1;3;2;3;1;1;1;625
689;1;2;2;2;2;2;1;372
690;1;3;1;4;1;1;1;293
691;1;3;1;4;3;1;1;183
692;1;3;1;2;2;2;1;153
693;1;2;2;2;3;1;1;602
694;1;2;3;1;2;1;2;166
695;1;3;2;3;1;1;1;122
696;1;1;2;2;1;1;1;334
697;1;3;1;3;1;1;1;212
698;1;2;2;3;1;1;1;525
699;1;3;1;4;1;1;1;154
700;1;3;1;3;3;2;1;1178
701;1;3;3;1;2;2;1;311
702;1;3;3;1;2;2;1;361
703;1;1;2;3;2;1;1;479
704;1;1;2;3;2;1;1;330
705;1;2;2;1;2;1;2;696
706;1;2;2;2;2;1;1;1706
707;1;2;2;3;1;1;1;1281
708;1;2;2;3;1;1;1;380
709;1;1;2;2;1;1;1;519
710;1;3;2;3;1;1;1;582
711;1;2;2;4;1;1;1;740
712;1;1;2;4;1;1;1;644
713;1;2;2;2;1;2;1;252
714;1;1;2;3;1;1;2;506
715;1;2;1;4;1;1;1;598
716;1;3;2;3;1;1;1;1070
717;1;2;2;2;1;1;1;330
718;1;1;2;2;2;1;1;816
719;1;2;2;3;3;1;1;672
720;1;1;2;2;3;1;2;774
721;1;3;3;3;2;1;1;236
722;1;3;2;2;2;1;1;247
723;1;3;3;4;2;1;1;299
724;1;3;2;2;2;1;1;592
725;1;3;1;3;3;1;1;138
726;1;3;1;4;3;1;1;191
727;1;2;1;2;2;1;1;277
728;1;2;2;3;1;1;1;274
729;1;2;2;3;2;1;1;1607
730;1;3;2;3;1;1;1;480
731;1;2;2;4;2;1;1;585
732;1;2;2;3;1;1;1;303
733;1;2;2;1;2;2;1;503
734;1;1;2;2;2;1;1;376
735;1;2;3;1;2;1;2;548
736;1;2;2;3;3;1;1;1403
737;1;2;1;3;2;1;1;182
738;1;3;3;1;2;2;1;537
739;1;2;2;2;2;1;2;397
740;1;2;1;4;1;1;1;1289
741;1;3;1;3;1;2;3;238
742;1;3;2;2;1;1;2;1004
743;1;1;2;3;2;1;1;495
744;1;3;2;4;1;1;1;618
745;1;3;2;2;1;1;2;48
746;1;3;1;5;1;1;1;626
747;1;1;2;2;1;1;1;571
748;1;2;2;2;2;1;1;1764
749;1;1;2;3;2;1;1;615
750;1;2;2;3;1;1;1;506
751;1;3;2;3;2;1;1;604
752;1;1;2;2;1;1;2;619
753;1;3;1;4;1;1;1;1304
754;1;1;2;3;2;1;2;1127
755;1;2;1;8;1;1;1;2249
756;1;2;2;2;1;1;2;1135
757;1;2;1;5;1;1;1;1579
758;1;2;3;1;2;2;3;514
759;1;1;3;1;2;2;3;190
760;1;2;2;2;2;1;1;530
761;1;3;3;1;2;2;1;239
762;1;3;1;5;1;1;1;178
763;1;2;1;1;3;2;1;221
764;1;2;2;2;2;2;1;362
765;1;2;2;3;1;1;1;555
766;1;3;1;2;3;2;1;141
767;1;2;1;3;2;1;1;1429
768;1;2;2;1;3;2;1;128
769;1;3;2;4;3;1;1;766
770;1;2;2;2;2;1;2;1493
771;1;2;2;2;3;1;2;264
772;1;3;1;4;3;1;1;389
773;1;1;2;3;2;1;1;283
774;1;2;2;2;2;2;1;464
775;1;3;2;2;1;1;1;459
776;1;1;2;2;3;2;1;309
777;1;3;2;1;1;1;2;492
778;1;3;1;2;3;2;1;307
779;1;3;2;3;1;1;1;69
780;1;2;2;1;1;2;1;251
781;1;3;1;3;1;1;2;581
782;1;2;2;3;1;1;1;1480
783;1;3;2;2;1;1;1;147
784;1;2;2;3;1;1;2;473
785;1;2;2;3;1;1;1;138
786;1;3;1;5;1;1;1;620
787;1;2;2;1;2;1;2;516
788;1;2;2;3;1;1;1;539
789;1;3;2;3;2;1;1;165
790;1;1;2;5;1;1;1;855
791;1;1;2;3;2;1;1;731
792;1;2;2;3;1;1;1;433
793;1;1;2;2;2;1;1;377
794;1;2;2;4;1;1;1;846
795;1;1;2;2;2;1;1;418
796;1;3;2;3;2;1;1;914
797;1;1;2;3;1;1;2;870
798;1;1;2;3;1;2;1;536
799;1;2;2;2;2;1;3;1227
800;1;1;2;3;1;1;1;315
801;1;1;1;4;2;2;1;332
802;1;3;1;4;1;2;1;353
803;1;2;2;2;1;1;1;287
804;1;2;2;2;2;2;1;580
805;1;2;1;3;1;2;1;232
806;1;3;1;6;3;1;1;273
807;1;3;1;2;2;1;1;154
808;1;2;2;2;2;1;3;1482
809;1;2;3;1;2;1;2;269
810;1;3;1;2;3;1;1;763
811;1;3;2;2;2;1;1;1066
812;1;3;2;3;1;1;1;148
813;1;2;2;2;1;2;1;351
814;1;3;1;3;2;1;1;962
815;1;2;2;4;1;1;1;474
816;1;2;3;1;2;1;2;120
817;1;3;1;3;1;1;1;490
818;1;3;2;3;2;1;1;649
819;1;2;2;3;2;1;1;1179
820;1;3;2;4;1;1;1;369
821;1;2;1;2;3;2;1;250
822;1;3;1;4;2;1;1;611
823;1;1;2;3;3;1;1;331
824;1;2;2;4;2;1;1;1593
825;1;3;1;3;3;1;1;613
826;1;1;2;3;2;1;1;566
827;1;2;2;4;1;1;1;735
828;1;3;1;7;3;1;1;230
829;1;2;3;1;3;1;2;268
830;1;2;2;3;2;1;1;1252
831;1;2;2;2;1;1;2;1786
832;1;3;1;5;1;1;1;705
833;1;3;2;3;2;1;1;1331
834;1;2;2;4;1;1;1;1544
835;1;1;2;4;2;1;1;1005
836;1;3;2;5;1;1;1;564
837;1;1;2;3;2;1;1;492
838;1;1;2;6;1;1;1;398
839;1;1;2;5;1;1;1;557
840;1;2;2;3;1;1;1;1070
841;1;3;2;4;1;1;1;232
842;1;3;2;3;2;1;1;81
843;1;3;1;6;1;1;1;708
844;1;3;1;2;1;2;1;237
845;1;3;1;3;1;1;2;231
846;1;2;1;3;3;1;1;250
847;1;2;3;1;2;2;1;320
848;1;2;3;1;2;1;2;335
849;1;2;2;3;1;1;1;1061
850;1;3;1;4;1;2;1;224
851;1;2;2;3;1;1;1;362
852;1;2;2;3;1;1;1;445
853;1;3;2;3;1;1;1;138
854;1;2;3;1;2;2;1;313
855;1;2;3;1;2;2;1;238
856;1;2;2;1;2;2;1;419
857;1;2;2;3;1;1;1;1153
858;1;3;2;3;2;1;1;489
859;1;1;2;5;1;1;1;425
860;1;3;2;2;1;2;1;496
861;1;2;1;1;3;2;1;286
862;1;1;1;6;3;1;1;301
863;1;2;2;3;1;1;1;543
864;1;1;2;4;1;1;1;396
865;1;1;2;3;1;1;2;157
866;1;2;2;5;2;1;1;1143
867;1;2;1;3;3;1;1;144
868;1;1;2;3;1;1;1;328
869;1;2;3;1;2;2;1;527
870;1;1;2;3;2;1;2;928
871;1;1;2;4;1;1;1;372
872;1;2;2;3;2;1;1;1908
873;1;1;2;4;1;1;1;529
874;1;1;2;1;2;1;2;1218
875;1;1;2;2;2;2;1;307
876;1;2;2;5;1;1;1;209
877;1;1;2;2;2;1;2;634
878;1;2;1;4;1;1;1;318
879;1;3;3;1;2;2;1;396
880;1;3;1;3;2;1;1;186
881;1;3;1;2;3;2;1;273
882;1;3;1;2;3;2;1;246
883;1;2;2;1;2;2;1;389
884;1;3;1;2;3;1;1;256
885;1;3;2;3;1;2;1;668
886;1;3;3;2;3;2;1;469
887;1;3;1;2;1;1;1;138
888;1;1;3;1;2;1;2;252
889;1;2;3;1;2;1;2;349
890;1;3;2;3;1;1;1;652
891;1;2;3;2;2;1;1;273
892;1;3;2;2;3;2;1;597
893;1;3;2;4;2;1;1;636
894;1;2;3;2;2;1;1;348
895;1;3;2;2;1;1;1;200
896;1;3;2;3;1;1;1;627
897;1;1;3;1;2;2;1;121
898;1;2;2;2;1;1;2;355
899;1;3;2;3;1;1;1;562
900;1;3;3;1;2;1;2;329
901;1;2;2;1;2;1;2;1621
902;1;1;3;1;3;2;1;148
903;1;3;2;3;2;1;1;579
904;1;1;2;3;2;1;2;730
905;1;2;2;2;2;1;1;1426
906;1;3;2;2;2;1;2;585
907;1;2;2;4;1;1;1;2047
908;1;3;1;4;1;1;1;694
909;1;1;2;5;2;1;1;362
910;1;3;2;2;2;1;1;185
911;1;2;2;3;1;1;1;2217
912;1;2;2;4;1;1;2;2189
913;1;2;2;3;1;1;1;637
914;1;1;2;4;1;1;1;281
915;1;2;2;3;2;1;1;556
916;1;3;1;3;1;1;1;145
917;1;3;2;3;1;1;1;385
918;1;1;2;2;2;1;1;295
919;1;1;2;4;1;1;1;423
920;1;1;2;2;2;1;1;59
921;1;2;2;4;2;1;1;1208
922;1;3;3;2;2;1;1;352
923;1;3;3;2;2;2;1;272
924;1;2;2;2;1;2;1;273
925;1;2;3;1;2;1;2;365
926;1;3;1;2;2;2;1;321
927;1;1;2;1;3;2;1;478
928;1;2;3;1;2;2;1;383
929;1;2;3;1;2;1;2;467
930;1;3;1;3;2;1;2;588
931;1;2;2;4;1;1;1;1586
932;1;1;2;4;2;1;1;553
933;1;2;2;4;3;9;2;2588
933;2;2;2;4;1;9;1;2588
934;1;1;2;2;3;1;1;547
935;1;2;3;1;2;1;2;241
936;1;2;2;1;1;1;2;2544
937;1;2;2;1;3;2;1;664
938;1;3;1;4;1;1;1;478
939;1;3;1;3;1;1;1;537
940;1;3;1;2;2;2;1;179
941;1;3;1;3;2;2;1;225
942;1;2;2;1;2;1;2;1848
943;1;2;2;4;2;1;1;484
943;2;2;2;4;2;1;2;484
943;3;2;2;4;2;1;2;484
944;1;3;1;3;3;1;1;309
945;1;2;1;2;1;1;3;677
946;1;3;2;3;1;1;1;601
947;1;2;2;1;2;2;1;232
948;1;1;2;2;3;1;1;521
949;1;2;1;3;1;1;1;1861
950;1;1;1;7;1;1;1;338
951;1;3;2;3;2;1;1;64
952;1;3;1;4;1;1;2;483
953;1;1;2;3;1;1;1;475
954;1;1;2;4;1;1;1;344
955;1;2;2;3;2;1;1;1316
956;1;1;2;2;1;1;2;541
957;1;3;2;3;1;1;1;599
958;1;3;2;2;1;1;1;63
959;1;2;2;3;3;1;3;619
960;1;3;1;3;3;1;1;238
961;1;3;1;4;2;1;1;488
962;1;3;2;2;2;2;1;145
963;1;3;2;3;1;1;1;123
964;1;2;2;3;1;1;1;239
965;1;3;1;3;3;1;2;248
966;1;3;2;2;1;1;1;650
967;1;3;1;3;1;1;1;247
968;1;2;1;7;2;1;1;447
969;1;2;2;4;1;1;1;368
970;1;2;2;3;1;1;1;1699
971;1;2;2;1;2;2;1;2028
972;1;2;2;3;2;1;1;548
973;1;2;2;3;2;1;1;172
974;1;3;2;2;2;1;1;144
975;1;1;2;1;2;1;2;677
976;1;3;2;3;1;1;1;191
977;1;2;2;3;2;1;1;334
978;1;2;2;2;2;1;2;510
979;1;1;2;4;2;1;1;235
980;1;2;2;2;2;1;2;1071
981;1;3;2;3;1;1;1;73
982;1;1;2;4;2;1;1;373
983;1;1;2;2;2;1;2;526
984;1;3;1;3;2;1;1;545
985;1;1;2;3;2;1;3;493
986;1;1;2;3;1;1;1;428
987;1;3;1;5;3;1;1;142
988;1;1;2;3;2;1;1;478
989;1;2;2;1;2;1;2;509
990;1;1;2;4;2;1;1;656
991;1;2;2;4;1;1;1;1071
992;1;2;2;4;1;1;1;1004
993;1;2;2;3;1;1;1;1510
994;1;1;2;4;1;1;1;517
995;1;1;1;4;1;1;1;329
996;1;3;2;2;1;1;2;573
997;1;2;3;1;2;1;2;121
998;1;3;1;6;1;1;2;1100
998;2;3;1;6;1;1;2;1100
999;1;3;2;5;3;1;1;40
1000;1;3;2;3;1;1;1;131
1001;1;2;3;1;2;2;1;302
1002;1;3;1;1;3;2;1;274
1003;1;2;2;5;1;1;1;1165
1004;1;3;1;3;3;1;1;230
1005;1;3;2;3;1;1;1;174
1006;1;2;1;4;1;1;3;599
1007;1;2;1;3;2;2;1;671
1008;1;3;1;4;1;1;1;451
1009;1;1;2;2;2;1;2;747
1010;1;3;2;4;2;1;1;183
1011;1;1;3;1;3;2;1;243
1012;1;3;2;3;2;1;1;115
1013;1;3;1;3;2;1;1;198
1014;1;3;1;4;1;1;1;476
1015;1;2;2;4;2;1;1;1048
1016;1;2;2;4;2;1;1;1542
1017;1;3;2;3;1;1;1;54
1018;1;1;2;1;2;1;2;745
1019;1;2;1;4;1;1;1;333
1020;1;3;2;3;1;1;1;338
1021;1;3;1;2;1;1;1;147
1022;1;2;3;1;2;2;1;275
1023;1;3;2;4;1;1;1;725
1024;1;1;2;5;1;1;2;807
1025;1;2;2;3;2;1;1;1174
1026;1;2;2;4;1;1;1;1175
1027;1;3;3;1;2;2;1;287
1028;1;2;1;4;1;1;1;1138
1029;1;2;2;3;2;1;1;958
1030;1;3;2;3;2;1;1;771
1031;1;1;2;2;1;1;2;1280
1032;1;3;2;1;1;2;1;437
1033;1;2;2;1;2;1;2;176
1034;1;1;1;6;1;1;1;146
1035;1;1;2;3;1;1;1;1241
1036;1;2;2;3;1;1;1;1144
1037;1;2;1;5;1;1;1;456
1038;1;2;2;3;1;1;2;1262
1039;1;1;1;3;2;2;1;338
1040;1;3;2;4;1;1;1;221
1041;1;3;1;1;3;2;1;230
1042;1;2;2;4;1;1;1;1061
1043;1;1;3;1;2;1;2;407
1044;1;3;1;2;3;2;1;220
1045;1;3;3;2;2;2;1;266
1046;1;3;2;2;1;1;2;581
1047;1;3;2;4;1;1;1;112
1048;1;2;2;2;2;1;1;434
1049;1;2;2;2;3;2;1;260
1050;1;2;2;3;3;1;1;274
1051;1;2;1;3;3;1;1;271
1052;1;3;2;3;2;1;1;313
1053;1;2;2;4;2;1;1;1559
1054;1;2;1;3;3;1;3;2119
1055;1;2;2;4;2;1;1;335
1056;1;2;2;2;1;1;2;506
1057;1;2;2;1;1;1;2;1114
1058;1;2;2;2;2;1;1;459
1059;1;2;2;3;1;1;1;698
1060;1;3;2;6;1;1;1;463
1061;1;3;2;3;1;1;1;440
1062;1;3;2;4;2;1;1;512
1063;1;1;2;4;1;1;1;955
1064;1;2;2;2;2;1;1;455
1065;1;1;3;1;2;2;1;275
1066;1;3;1;4;1;1;1;173
1067;1;1;2;2;1;1;2;888
1068;1;3;1;11;1;1;1;1205
1069;1;2;2;3;1;1;2;327
1070;1;2;2;3;2;1;2;433
1071;1;1;2;4;1;1;1;1312
1072;1;1;2;1;2;1;2;717
1073;1;2;1;6;1;1;2;760
1074;1;1;2;5;1;1;1;667
1075;1;1;2;5;1;1;1;334
1076;1;1;2;5;1;1;1;385
1077;1;1;2;4;1;1;1;584
1078;1;2;2;3;1;1;1;1510
1079;1;2;2;3;3;1;1;520
1080;1;3;2;1;2;1;2;114
1081;1;3;2;4;1;1;3;553
1082;1;3;1;1;3;2;1;228
1083;1;3;1;2;2;2;1;245
1084;1;2;3;2;3;1;1;211
1085;1;2;2;2;2;2;1;268
1086;1;3;1;4;1;1;1;1008
1087;1;3;2;3;2;1;1;190
1088;1;2;2;2;2;2;3;1461
1089;1;1;2;3;1;1;1;402
1090;1;3;2;2;1;1;1;1120
1091;1;2;2;5;2;1;1;1487
1092;1;2;2;2;2;1;1;446
1093;1;1;2;4;1;1;1;568
1094;1;2;2;4;1;1;2;535
1095;1;2;2;5;1;1;1;164
1096;1;1;2;1;3;1;2;125
1097;1;1;2;2;3;2;1;853
1098;1;3;1;2;2;1;1;410
1099;1;2;2;2;1;1;1;1188
1100;1;2;2;4;1;1;1;633
1101;1;3;1;5;1;1;1;558
1102;1;3;2;3;1;1;1;515
1103;1;3;1;6;1;1;1;107
1104;1;1;2;2;2;1;2;1118
1105;1;3;2;2;2;2;1;522
1106;1;2;2;1;1;1;2;225
1107;1;1;2;4;1;1;1;321
1108;1;1;2;7;1;1;1;627
1109;1;2;2;5;3;1;1;1348
1110;1;2;2;2;1;1;2;625
1111;1;3;1;3;3;1;1;237
1112;1;2;1;6;3;1;1;278
1113;1;3;2;4;2;1;1;179
1114;1;1;2;2;3;1;2;1209
1115;1;1;2;2;3;1;1;1349
1116;1;2;2;3;2;1;1;1402
1117;1;3;2;1;3;1;2;239
1118;1;2;2;3;1;1;1;156
1119;1;2;3;1;2;1;2;1010
1120;1;1;2;1;2;1;2;1065
1121;1;3;2;2;3;1;1;238
1122;1;2;2;2;1;1;2;1433
1123;1;3;2;3;1;1;1;537
1124;1;2;2;2;3;2;1;1243
1125;1;2;2;2;2;2;1;128
1126;1;2;1;3;1;1;1;209
1127;1;3;2;3;1;1;3;284
1128;1;1;2;2;3;1;1;808
1129;1;3;1;2;1;1;1;221
1130;1;2;2;2;2;1;1;1442
1131;1;3;2;2;2;1;1;570
1132;1;2;2;3;1;1;2;1857
1133;1;2;1;2;3;1;1;271
1134;1;2;2;4;1;1;1;489
1135;1;1;2;4;1;1;1;547
1136;1;2;1;5;1;1;1;545
1137;1;2;2;3;1;1;2;2224
1138;1;3;2;3;2;1;1;65
1139;1;1;1;3;1;1;1;1270
1140;1;2;2;3;1;1;1;1488
1141;1;2;2;2;2;1;1;624
1142;1;2;2;3;2;1;1;201
1143;1;1;2;5;1;1;1;616
1144;1;2;2;3;3;1;1;157
1145;1;2;1;3;2;1;1;431
1146;1;2;1;4;3;1;3;241
1147;1;2;1;2;3;2;1;148
1148;1;3;1;4;1;1;1;711
1149;1;2;1;3;1;1;1;387
1150;1;3;1;3;1;1;3;113
1151;1;2;1;2;1;2;3;1304
1152;1;1;2;4;2;1;1;303
1153;1;2;3;1;2;2;1;211
1154;1;2;3;1;2;1;2;341
1155;1;3;1;3;1;1;1;110
1156;1;2;2;4;2;1;1;620
1157;1;2;2;3;1;1;1;620
1158;1;2;2;1;2;1;2;301
1159;1;2;3;1;2;1;2;207
1160;1;2;3;1;2;1;2;569
1161;1;2;3;1;2;2;3;293
1162;1;3;2;4;1;1;1;525
1163;1;2;2;1;1;2;3;286
1164;1;3;1;3;2;1;1;152
1165;1;3;2;3;1;1;1;575
1166;1;3;2;4;1;1;1;656
1167;1;1;2;3;1;1;1;1051
1168;1;2;2;4;2;1;1;1293
1169;1;2;3;1;2;1;2;242
1170;1;1;2;4;1;1;1;457
1171;1;1;2;4;1;1;1;369
1172;1;3;1;5;1;1;1;611
1173;1;3;2;3;1;1;1;1193
1174;1;2;1;4;1;1;1;358
1175;1;1;2;2;2;1;2;1162
1176;1;1;2;5;1;1;1;223
1177;1;1;2;3;1;1;1;620
1178;1;1;2;4;1;1;1;1131
1179;1;2;2;3;1;1;1;531
1180;1;2;3;1;3;2;1;484
1181;1;2;3;1;2;1;2;380
1182;1;2;2;4;2;1;3;318
1183;1;2;3;1;3;1;2;397
1184;1;3;2;3;1;1;1;146
1185;1;2;1;3;3;2;1;332
1186;1;3;1;3;1;1;3;793
1187;1;3;1;4;3;1;1;191
1188;1;2;2;5;1;1;1;557
1189;1;3;1;6;1;1;2;561
1190;1;2;1;3;3;1;2;1188
1191;1;2;2;2;2;1;2;1114
1192;1;2;2;2;3;2;1;884
1193;1;3;1;2;1;2;1;150
1194;1;2;3;1;3;1;2;409
1195;1;2;2;3;1;1;2;655
1196;1;3;1;5;1;1;1;706
1197;1;1;2;4;2;1;2;864
1198;1;2;2;5;1;1;1;174
1199;1;3;2;2;2;1;1;74
1200;1;3;2;4;1;1;2;464
1201;1;1;2;3;1;1;1;969
1202;1;2;2;5;1;1;1;457
1203;1;2;2;4;1;1;1;716
1204;1;3;2;3;1;1;1;380
1205;1;2;1;5;1;1;1;1663
1206;1;2;2;2;1;1;2;1862
1207;1;1;2;4;1;1;1;416
1208;1;2;1;4;1;1;1;481
1209;1;2;2;2;2;1;2;1238
1210;1;1;2;8;3;1;1;64
1211;1;1;2;3;1;1;1;596
1212;1;2;1;4;1;1;1;1165
1213;1;1;2;3;1;1;3;740
1214;1;2;2;3;1;1;1;586
1215;1;2;2;2;2;1;2;451
1216;1;2;2;2;3;1;1;1435
1217;1;3;3;1;2;2;1;402
1218;1;2;1;3;1;1;1;339
1219;1;2;3;3;3;1;2;228
1220;1;3;1;4;1;1;1;135
1221;1;3;1;5;2;1;1;318
1222;1;3;1;4;1;1;1;309
1223;1;3;1;3;1;1;1;146
1224;1;2;3;1;2;1;2;166
1225;1;2;2;2;1;1;2;1115
1226;1;2;2;3;3;1;1;1137
1227;1;3;1;6;1;1;1;384
1228;1;2;3;1;2;2;1;130
1229;1;1;2;1;3;2;1;800
1230;1;3;2;3;1;1;1;499
1231;1;2;2;4;3;1;1;229
1232;1;1;2;2;1;1;2;126
1233;1;2;1;5;3;1;1;288
1234;1;3;2;3;1;1;1;64
1235;1;2;2;2;2;1;2;632
1236;1;1;2;2;2;1;2;1502
1237;1;2;2;3;1;1;2;603
1238;1;3;2;3;1;1;1;530
1239;1;2;2;2;2;1;1;1771
1240;1;3;1;6;1;1;1;62
1241;1;2;1;4;1;1;1;716
1242;1;1;2;4;1;1;1;837
1243;1;1;2;2;1;1;2;1381
1244;1;2;1;2;1;1;2;1923
1245;1;1;2;3;1;1;2;268
1246;1;3;2;3;1;1;1;504
1247;1;2;1;4;1;1;1;1290
1248;1;3;2;4;1;1;2;741
1249;1;2;2;1;3;1;2;1554
1250;1;3;2;2;2;1;3;115
1251;1;3;1;4;3;1;1;291
1252;1;3;2;3;1;1;1;58
1253;1;2;2;2;2;1;2;1499
1254;1;2;2;3;2;1;1;591
1255;1;2;2;4;1;1;1;633
1256;1;2;3;1;2;2;1;301
1257;1;3;2;3;1;1;1;101
1258;1;2;2;2;1;1;1;382
1259;1;3;2;2;1;1;2;383
1260;1;3;2;3;3;1;2;471
1261;1;2;2;2;2;1;2;204
1262;1;2;1;4;1;1;2;375
1263;1;2;2;3;1;1;1;1820
1264;1;2;2;1;2;1;2;374
1265;1;2;2;3;2;1;2;254
1266;1;1;2;2;2;1;2;1008
1267;1;1;2;4;3;1;1;910
1268;1;2;3;2;2;1;1;403
1269;1;2;2;4;1;1;1;582
1270;1;2;2;4;2;1;1;161
1271;1;2;2;2;2;1;1;2488
1272;1;1;2;9;1;1;1;56
1273;1;2;2;1;1;1;2;1554
1274;1;1;2;4;1;1;1;444
1275;1;1;2;2;1;1;2;807
1276;1;2;1;2;3;2;3;571
1277;1;3;2;4;1;2;1;1383
1278;1;2;2;2;2;1;2;362
1279;1;3;2;3;2;1;1;610
1280;1;1;2;2;3;2;1;456
1281;1;2;2;3;1;1;1;2174
1282;1;1;2;4;1;1;2;963
1283;1;1;3;1;2;1;2;317
1284;1;1;2;1;3;2;1;1242
1285;1;3;2;3;2;1;2;144
1286;1;2;2;3;1;1;1;1763
1287;1;2;2;3;1;1;1;302
1288;1;2;3;1;2;1;2;196
1289;1;2;2;3;1;1;1;1537
1290;1;2;3;2;2;1;1;284
1291;1;2;3;1;2;1;2;227
1292;1;2;3;3;3;2;1;167
1293;1;2;2;1;1;2;1;502
1294;1;2;1;4;1;1;1;410
1295;1;2;2;5;1;1;1;384
1296;1;1;2;3;2;1;1;1276
1297;1;1;1;4;1;1;1;801
1298;1;3;2;4;1;1;2;532
1299;1;3;2;2;1;1;1;580
1300;1;3;2;2;2;1;2;1001
1301;1;2;3;1;2;1;2;251
1302;1;2;3;1;1;1;2;273
1303;1;1;1;5;1;1;1;617
1304;1;2;2;4;1;1;1;1325
1305;1;2;3;1;2;1;2;396
1306;1;2;1;1;3;1;2;302
1307;1;2;2;2;3;1;1;955
1308;1;2;2;1;3;2;1;149
1309;1;3;2;2;1;1;1;54
1310;1;3;2;3;1;2;3;372
1311;1;3;2;3;1;1;1;42
1312;1;3;2;4;1;1;1;146
1313;1;3;1;4;1;1;1;550
1314;1;3;1;2;3;1;1;221
1315;1;2;3;1;2;2;1;220
1316;1;3;2;2;1;1;2;502
1317;1;2;1;5;1;1;1;1098
1318;1;3;1;2;3;1;1;221
1319;1;2;2;1;3;1;2;2229
1320;1;3;2;2;1;1;2;463
1321;1;3;1;7;1;1;2;54
1322;1;2;1;4;1;1;1;1477
1323;1;3;1;4;1;1;1;437
1324;1;2;1;4;1;1;1;164
1325;1;1;2;6;1;1;1;149
1326;1;2;3;1;2;1;2;369
1327;1;1;2;5;1;1;1;156
1328;1;2;2;3;1;1;1;719
1329;1;3;1;5;1;1;1;617
1330;1;2;2;5;1;1;1;1001
1331;1;3;2;3;1;1;1;54
1332;1;1;2;2;1;1;2;791
1333;1;1;2;3;1;1;1;130
1334;1;1;2;2;3;1;1;789
1335;1;3;1;3;1;1;1;160
1336;1;3;2;4;3;1;1;504
1337;1;3;1;3;3;1;1;229
1338;1;2;1;3;2;1;1;349
1339;1;3;2;3;2;1;3;198
1340;1;2;2;3;1;1;1;523
1341;1;1;2;5;1;1;1;491
1342;1;3;2;3;1;1;1;130
1343;1;1;2;3;3;1;1;808
1344;1;3;2;2;1;1;1;637
1345;1;3;1;3;1;1;1;540
1346;1;2;2;4;1;1;2;813
1347;1;3;3;1;2;2;1;535
1348;1;3;1;6;1;1;1;365
1349;1;3;2;3;1;1;1;550
1350;1;2;3;1;3;2;1;162
1351;1;1;2;2;2;1;2;1015
1352;1;3;2;2;2;1;3;61
1353;1;3;2;3;1;1;1;496
1354;1;1;2;3;1;1;1;405
1355;1;3;1;5;1;1;1;596
1356;1;3;2;3;2;1;1;65
1357;1;1;2;4;1;1;1;684
1358;1;2;2;4;1;1;1;212
1359;1;1;2;3;1;1;3;612
1360;1;2;2;4;1;1;2;643
1361;1;2;2;2;1;1;2;1122
1362;1;2;1;5;1;1;1;1926
1363;1;3;2;2;3;1;1;440
1364;1;3;2;2;2;1;1;397
1365;1;2;2;3;1;1;1;1105
1366;1;3;2;3;1;1;1;122
1367;1;2;2;3;1;2;1;284
1368;1;3;1;3;1;1;1;582
1369;1;2;3;1;2;1;2;368
1370;1;2;2;4;1;1;2;546
1371;1;2;2;2;2;1;2;602
1372;1;2;2;2;3;1;1;479
1373;1;3;2;4;1;1;2;502
1374;1;2;3;1;2;1;2;440
1375;1;2;2;4;2;1;1;755
1376;1;2;2;2;3;1;2;620
1377;1;2;2;4;1;1;1;599
1378;1;3;2;4;1;1;1;475
1379;1;2;1;4;1;1;2;480
1380;1;2;2;2;2;1;1;1488
1381;1;2;2;3;1;1;2;1357
1382;1;1;2;3;1;1;1;923
1383;1;3;2;2;1;1;1;171
1384;1;2;2;3;1;1;1;158
1385;1;3;2;4;1;1;1;136
1386;1;3;2;4;1;1;3;541
1387;1;2;2;1;2;1;2;1478
1388;1;1;2;3;1;1;2;805
1389;1;1;2;5;1;1;1;789
1390;1;3;2;2;1;1;2;562
1391;1;3;2;3;1;1;1;535
1392;1;1;2;2;1;1;2;191
1393;1;2;2;2;3;1;2;468
1394;1;2;2;4;1;1;1;2061
1395;1;1;2;5;1;1;1;314
1396;1;1;2;3;1;1;2;125
1397;1;2;1;2;3;1;1;239
1398;1;3;2;3;1;2;1;168
1399;1;3;1;3;1;2;1;263
1400;1;2;2;2;1;1;2;409
1401;1;3;2;2;2;1;1;639
1402;1;2;2;3;2;1;2;1357
1403;1;3;1;2;3;2;1;257
1404;1;1;2;4;3;1;1;1570
1405;1;2;1;3;3;1;3;248
1406;1;2;2;3;1;1;1;1500
1407;1;1;2;3;1;1;1;873
1408;1;3;1;4;1;1;1;594
1409;1;2;2;3;2;1;1;1270
1410;1;3;1;9;1;1;1;282
1411;1;3;2;3;1;1;2;801
1412;1;3;1;5;1;1;1;768
1413;1;2;2;3;1;1;1;1409
1414;1;2;2;4;1;1;1;149
1415;1;2;2;2;3;1;1;1127
1416;1;3;2;4;1;1;1;488
1417;1;2;2;5;1;1;1;1301
1418;1;1;2;3;2;1;2;191
1419;1;1;2;3;2;1;3;589
1420;1;3;2;4;1;1;1;464
1421;1;2;2;5;1;1;1;1418
1422;1;2;2;5;1;1;1;1213
1423;1;2;2;3;1;1;2;458
1424;1;2;2;3;1;1;1;1735
1425;1;2;2;3;2;1;1;1115
1426;1;1;2;4;1;1;1;807
1427;1;3;2;3;1;1;1;74
1428;1;2;1;2;1;1;1;1865
1429;1;3;1;6;1;1;2;137
1430;1;2;2;2;2;1;1;442
1431;1;2;3;2;3;1;1;208
1432;1;3;2;4;1;1;2;502
1433;1;3;2;3;1;2;1;271
1434;1;3;1;3;1;1;1;555
1435;1;3;2;4;2;1;1;519
1436;1;3;1;4;3;1;1;118
1437;1;3;2;3;2;1;2;481
1438;1;2;2;3;2;1;2;965
1439;1;2;2;3;1;1;2;328
1440;1;3;2;3;1;1;1;854
1441;1;3;1;4;1;1;1;620
1442;1;3;2;2;2;2;1;505
1443;1;3;2;3;1;1;2;43
1444;1;3;1;4;1;1;1;125
1445;1;1;2;2;1;1;2;942
1446;1;1;2;3;2;1;1;1023
1447;1;1;2;6;1;1;1;431
1448;1;1;2;4;1;1;1;560
1449;1;3;2;4;1;1;1;459
1450;1;2;2;2;1;1;2;633
1451;1;1;2;5;1;1;2;190
1452;1;3;2;3;1;1;2;119
1453;1;2;2;2;2;1;2;374
1454;1;1;2;3;1;1;1;961
1455;1;2;2;2;1;1;2;492
1456;1;2;2;1;1;2;1;179
1457;1;1;2;1;1;1;2;125
1458;1;1;2;3;1;1;2;960
1459;1;3;1;3;1;1;1;947
1460;1;2;2;3;1;1;1;550
1461;1;2;2;2;3;1;1;410
1462;1;3;1;2;1;1;1;248
1463;1;2;1;4;1;1;3;1644
1464;1;2;2;1;1;1;2;1249
1465;1;2;2;2;1;1;2;589
1466;1;3;2;3;1;1;1;509
1467;1;1;2;4;2;1;1;685
1468;1;2;2;2;2;1;2;736
1469;1;2;2;1;3;1;2;1238
1470;1;3;1;4;1;1;1;755
1471;1;1;2;1;3;1;2;626
1472;1;3;2;4;1;1;3;683
1473;1;3;2;2;2;1;1;459
1474;1;1;2;2;1;1;2;1004
1475;1;3;2;3;2;1;2;493
1476;1;1;2;4;1;1;1;1225
1477;1;2;2;4;1;1;1;1771
1478;1;2;1;4;1;1;1;2321
1479;1;1;2;4;1;1;1;791
1480;1;2;2;4;1;1;1;1761
1481;1;2;2;3;1;1;1;359
1482;1;3;1;3;1;1;1;506
1483;1;1;2;3;1;1;2;130
1484;1;1;2;4;3;1;1;111
1485;1;2;2;3;1;1;2;786
1486;1;2;2;3;1;1;1;1243
1487;1;1;2;3;1;1;2;1211
1488;1;2;2;4;1;1;1;361
1489;1;2;2;2;1;1;2;1121
1490;1;2;2;3;1;1;1;359
1491;1;1;2;2;1;1;2;953
1492;1;3;1;3;1;1;1;487
1493;1;3;2;4;1;1;1;57
1494;1;3;3;2;3;1;3;150
1495;1;2;1;3;1;1;1;1231
1496;1;3;2;1;1;2;1;712
1497;1;3;3;1;3;1;2;314
1498;1;3;2;3;1;1;2;412
1499;1;3;2;2;1;2;1;605
1500;1;3;1;5;1;1;1;443
1501;1;2;1;2;1;2;1;1802
1502;1;2;3;1;2;2;1;377
1503;1;2;3;1;2;1;2;236
1504;1;2;2;4;1;1;1;786
1505;1;2;2;2;1;1;2;828
1506;1;2;2;3;3;1;1;434
1507;1;2;2;3;1;1;1;1308
1508;1;3;2;3;1;1;1;52
1509;1;3;2;2;2;1;1;205
1510;1;3;2;3;1;1;1;129
1511;1;3;2;3;2;1;1;1324
1512;1;2;1;4;1;1;1;152
1513;1;3;2;2;2;2;3;592
1514;1;1;1;3;1;1;2;716
1515;1;1;2;2;2;1;2;1205
1516;1;2;1;3;1;1;1;1366
1517;1;2;2;2;3;1;2;1444
1518;1;3;2;2;2;1;1;500
1519;1;2;1;6;1;1;2;1011
1520;1;2;1;3;1;1;1;174
1521;1;3;2;4;1;1;1;66
1522;1;1;2;4;1;1;1;437
1523;1;3;1;6;1;1;2;936
1524;1;3;2;2;1;1;2;98
1525;1;1;2;3;1;1;2;113
1526;1;3;2;2;1;1;1;464
1527;1;2;3;1;2;2;1;286
1528;1;2;2;3;1;1;2;614
1529;1;3;1;4;1;1;1;1101
1530;1;2;3;2;3;1;2;170
1531;1;3;2;2;1;1;2;239
1532;1;1;2;2;2;1;2;618
1533;1;2;2;3;2;1;2;431
1534;1;2;3;1;2;1;2;362
1535;1;2;3;2;3;1;1;840
1536;1;2;3;1;2;1;2;288
1537;1;3;1;3;1;1;2;606
1538;1;3;2;2;2;1;1;464
1539;1;3;2;3;1;1;2;129
1540;1;2;3;1;2;2;1;360
1541;1;1;3;1;2;1;2;182
1542;1;2;2;3;1;1;1;1486
1543;1;2;2;3;1;1;2;1300
1544;1;3;2;3;1;1;1;506
1545;1;2;2;2;1;1;2;426
1546;1;2;2;2;1;1;2;1430
1547;1;2;2;3;2;1;1;624
1548;1;3;2;2;2;1;2;57
1549;1;2;2;3;2;1;1;1642
1550;1;1;2;1;1;1;2;573
1551;1;1;2;3;1;1;2;559
1552;1;1;2;4;1;1;1;236
1553;1;2;2;4;1;1;2;591
1554;1;3;1;3;1;1;1;1311
1555;1;2;1;3;1;1;2;448
1556;1;1;2;3;1;1;2;584
1557;1;1;2;4;1;1;2;645
1558;1;1;2;5;1;1;2;1003
1559;1;1;2;4;1;1;1;587
1560;1;2;2;1;1;1;2;392
1561;1;2;1;5;1;1;1;563
1562;1;2;2;4;1;1;1;1008
1563;1;2;2;2;1;1;1;411
1564;1;2;1;4;3;1;1;311
1565;1;2;1;1;3;2;1;285
1566;1;3;1;2;3;2;1;291
1567;1;2;2;3;3;1;3;374
1568;1;2;2;4;3;1;1;374
1569;1;1;2;1;3;2;1;391
1570;1;3;2;2;3;1;1;463
1571;1;3;2;3;1;1;1;541
1572;1;2;3;1;2;2;3;359
1573;1;2;2;4;1;1;1;1248
1574;1;3;1;4;1;1;1;48
1575;1;2;2;3;1;1;1;945
1576;1;2;2;3;2;1;1;945
1577;1;2;2;3;1;1;1;625
1578;1;2;1;5;1;1;1;436
1579;1;2;2;2;2;1;2;460
1580;1;2;2;4;1;1;1;1593
1581;1;2;2;3;1;1;1;169
1582;1;2;2;2;2;1;2;776
1583;1;3;2;3;1;1;1;218
1584;1;1;2;4;1;1;1;330
1585;1;2;2;4;1;1;3;1753
1586;1;2;2;3;2;1;3;163
1587;1;2;2;4;3;1;2;753
1588;1;3;2;3;1;1;1;496
1589;1;1;2;3;1;1;1;594
1590;1;2;2;3;1;1;1;376
1591;1;3;3;2;9;1;1;315
1592;1;2;1;4;1;1;1;2322
1593;1;1;2;3;1;1;2;574
1594;1;3;1;3;1;1;1;135
1595;1;1;2;4;1;1;1;389
1596;1;2;1;4;1;1;1;655
1597;1;2;2;3;1;1;2;438
1598;1;3;1;3;1;1;1;721
1599;1;1;2;5;2;1;3;329
1600;1;3;2;2;2;2;1;1237
1601;1;3;1;7;3;1;1;458
1601;2;3;1;7;3;1;1;458
1602;1;3;1;4;1;1;3;145
1603;1;2;3;1;2;1;2;178
1604;1;2;1;5;1;1;1;1297
1605;1;3;1;2;1;1;1;497
1606;1;3;2;3;1;1;1;635
1607;1;3;2;1;2;1;2;500
1608;1;3;2;2;1;1;1;115
1609;1;2;2;4;1;1;1;1365
1610;1;3;1;4;1;1;1;530
1611;1;3;1;4;1;1;2;580
1612;1;1;2;1;1;1;2;856
1613;1;1;1;2;1;1;1;317
1614;1;2;2;3;1;1;1;545
1615;1;3;1;3;1;1;1;116
1616;1;2;2;3;2;1;2;522
1617;1;3;2;3;1;1;3;741
1618;1;1;2;2;1;1;2;1175
1619;1;3;1;4;1;1;1;504
1620;1;3;1;2;1;1;2;239
1621;1;2;1;3;1;1;2;147
1622;1;2;2;2;1;1;2;506
1623;1;1;2;3;2;1;1;761
1624;1;1;2;4;1;1;3;342
1625;1;3;1;4;1;1;1;48
1626;1;3;2;6;1;1;1;1090
1626;2;3;2;6;3;2;1;1090
1627;1;2;2;2;1;1;2;460
1628;1;3;3;1;2;1;2;238
1629;1;1;2;3;2;1;1;349
1630;1;1;2;2;1;1;2;551
1631;1;2;2;2;2;1;1;164
1632;1;1;2;4;1;1;1;571
1633;1;2;2;4;1;1;1;484
1634;1;1;2;3;1;1;2;730
1635;1;2;2;3;1;1;1;1177
1636;1;1;2;4;1;1;1;424
1637;1;1;2;3;1;1;1;744
1638;1;2;2;2;2;1;2;658
1639;1;1;3;1;2;1;2;230
1640;1;2;2;1;2;1;2;1429
1641;1;2;3;3;1;1;1;453
1642;1;3;2;2;1;1;2;561
1643;1;2;2;2;2;1;2;1367
1644;1;2;1;3;1;1;1;468
1645;1;2;3;1;2;1;2;304
1646;1;2;3;1;2;2;1;191
1647;1;2;1;3;1;1;1;1987
1648;1;2;2;3;1;1;2;135
1649;1;3;1;4;3;2;1;1039
1650;1;2;2;3;3;1;3;458
1651;1;1;2;4;2;1;1;584
1652;1;1;2;3;3;1;1;508
1653;1;2;2;3;1;1;2;492
1654;1;2;2;2;3;1;2;1588
1655;1;3;2;2;3;1;1;550
1656;1;2;2;3;1;1;2;753
1657;1;3;2;3;1;1;2;604
1658;1;1;2;5;1;1;2;716
1659;1;2;2;2;2;2;1;717
1660;1;1;2;3;2;1;1;349
1661;1;1;2;3;1;1;2;96
1662;1;1;1;4;1;1;1;294
1663;1;1;2;5;1;1;1;354
1664;1;3;2;2;1;1;3;971
1665;1;3;2;3;1;1;2;147
1666;1;2;3;1;2;1;2;178
1667;1;3;2;4;3;1;3;563
1668;1;3;2;3;2;1;1;286
1669;1;3;2;3;1;1;1;464
1670;1;1;2;2;2;1;1;790
1671;1;3;2;4;1;1;1;135
1672;1;1;2;2;1;1;1;362
1673;1;3;1;4;1;1;1;112
1674;1;2;2;2;1;1;2;1610
1675;1;2;2;1;1;1;2;1369
1676;1;3;1;3;1;1;1;286
1677;1;1;2;2;1;1;2;534
1678;1;3;2;4;2;1;2;58
1679;1;3;2;3;1;1;1;236
1680;1;3;2;2;1;1;2;106
1681;1;2;2;3;1;1;2;1240
1682;1;2;2;3;1;1;2;1369
1683;1;3;3;3;2;1;1;276
1684;1;3;2;3;1;1;2;506
1685;1;3;2;3;1;1;1;540
1686;1;1;2;1;1;1;2;588
1687;1;2;1;3;2;1;2;394
1688;1;1;2;3;1;1;2;806
1689;1;1;2;2;1;1;2;689
1690;1;3;1;3;1;1;1;826
1691;1;2;1;3;3;1;2;1759
1692;1;2;2;1;2;1;2;483
1693;1;1;2;5;1;1;1;405
1694;1;2;2;3;1;1;2;1772
1695;1;3;1;4;1;1;1;301
1696;1;2;2;1;1;1;2;2174
1697;1;2;2;3;1;1;2;537
1698;1;2;2;2;1;1;2;1516
1699;1;2;2;4;1;1;2;1063
1700;1;3;1;1;2;1;2;220
1701;1;3;1;3;3;1;1;220
1702;1;3;2;1;2;2;1;118
1703;1;2;1;2;3;2;1;347
1704;1;3;1;3;1;1;2;184
1705;1;1;2;3;1;1;1;420
1706;1;2;1;2;1;1;1;589
1707;1;2;1;3;1;1;2;565
1708;1;1;2;2;3;1;1;698
1709;1;1;2;3;1;1;1;387
1710;1;2;3;1;2;1;2;168
1711;1;3;2;2;1;1;2;543
1712;1;3;2;2;2;1;2;543
1713;1;2;2;2;1;1;2;359
1714;1;3;1;6;1;1;2;728
1715;1;2;2;4;1;1;1;358
1716;1;1;2;5;1;1;1;327
1717;1;2;2;4;1;1;1;619
1718;1;1;2;2;1;1;1;419
1719;1;2;2;2;2;1;2;460
1720;1;2;2;2;1;1;2;439
1721;1;2;2;2;1;1;2;1181
1722;1;1;1;6;1;1;1;302
1723;1;1;2;4;1;1;1;461
1724;1;2;3;1;2;1;2;202
1725;1;2;3;1;3;2;1;187
1726;1;3;2;4;1;1;2;74
1727;1;3;2;1;2;1;2;559
1728;1;3;3;1;2;1;2;239
1729;1;2;2;3;1;1;2;448
1730;1;2;2;3;1;1;1;694
1731;1;3;1;3;1;1;1;105
1732;1;2;3;2;3;2;3;185
1733;1;1;2;3;9;1;1;314
1734;1;2;3;1;2;1;2;187
1735;1;2;2;2;1;1;1;374
1736;1;2;2;1;2;1;2;575
1737;1;2;2;3;1;1;1;1975
1738;1;2;2;3;1;1;2;690
1739;1;1;3;1;2;1;2;217
1740;1;3;2;2;3;1;1;218
1741;1;1;2;3;1;1;2;417
1742;1;3;2;3;1;1;1;912
1743;1;3;1;4;1;1;1;486
1744;1;1;2;5;1;1;1;440
1745;1;2;2;3;1;1;2;146
1746;1;2;1;3;1;1;1;572
1747;1;3;2;3;1;1;2;73
1748;1;2;2;3;1;1;1;945
1749;1;2;2;3;2;1;1;521
1750;1;1;1;4;1;1;2;578
1751;1;3;2;2;2;1;2;46
1752;1;1;1;2;1;1;1;410
1753;1;3;2;3;1;1;1;458
1754;1;2;1;3;1;1;1;374
1755;1;3;2;3;3;1;2;120
1756;1;2;2;1;2;1;2;195
1757;1;3;2;2;2;1;2;437
1758;1;2;1;3;1;1;1;1297
1759;1;3;2;2;2;1;2;442
1760;1;2;3;1;3;1;2;376
1761;1;2;2;3;1;1;1;409
1762;1;1;2;7;1;1;1;332
1763;1;2;1;3;1;1;2;921
1764;1;1;1;3;1;2;1;345
1765;1;2;2;1;2;1;2;1415
1766;1;2;2;3;1;1;2;483
1767;1;3;2;2;2;1;2;412
1768;1;1;2;4;1;1;1;496
1769;1;3;1;5;1;1;1;49
1770;1;1;2;8;1;1;2;668
1771;1;3;2;4;1;1;1;679
1772;1;2;2;3;1;1;2;1618
1773;1;1;2;2;1;1;2;574
1774;1;1;2;4;1;1;2;716
1775;1;1;2;4;1;1;1;402
1776;1;1;2;2;1;1;2;646
1777;1;3;2;2;1;1;2;625
1778;1;3;1;5;1;1;1;219
1779;1;3;1;4;1;1;2;607
1780;1;3;2;3;1;1;3;648
1781;1;2;1;4;1;1;3;343
1782;1;2;1;2;1;1;2;392
1783;1;2;2;3;1;1;1;1583
1784;1;3;1;1;3;2;1;218
1785;1;3;1;2;2;1;2;437
1786;1;2;2;3;1;1;2;195
1787;1;1;2;5;1;1;3;404
1788;1;2;1;3;1;1;1;1664
1789;1;1;2;3;1;1;2;1006
1790;1;2;1;6;1;1;2;706
1791;1;3;2;4;1;1;1;494
1792;1;1;1;4;1;1;1;656
1793;1;2;2;2;1;1;2;394
1794;1;2;3;1;2;1;2;316
1795;1;3;2;3;1;1;1;42
1796;1;2;2;3;1;1;3;550
1797;1;1;2;3;3;1;1;634
1798;1;3;2;1;1;1;2;412
1799;1;1;2;5;1;1;2;783
1800;1;1;2;3;1;1;1;453
1801;1;2;1;4;1;1;2;327
1802;1;1;2;2;1;1;2;97
1803;1;2;2;4;1;1;1;639
1804;1;1;2;4;2;1;1;315
1805;1;2;1;8;1;1;1;1056
1806;1;2;3;1;3;2;3;179
1807;1;3;1;3;1;1;2;119
1808;1;3;1;2;1;1;2;129
1809;1;3;1;3;2;1;3;664
1810;1;3;2;2;1;1;1;1236
1811;1;1;1;3;1;1;2;124
1812;1;3;2;3;1;1;3;292
1813;1;2;1;4;1;1;1;151
1814;1;2;2;5;1;1;2;146
1815;1;1;2;3;1;1;1;481
1816;1;1;2;2;1;1;2;899
1817;1;2;2;2;1;1;1;1583
1818;1;2;2;2;2;1;2;1300
1819;1;3;2;1;2;1;2;834
1820;1;2;2;2;2;1;2;353
1821;1;3;1;4;1;1;1;168
1822;1;1;2;2;1;1;2;590
1823;1;2;2;3;1;1;2;157
1824;1;3;2;4;1;1;1;673
1825;1;3;1;3;1;1;2;797
1826;1;1;2;2;1;1;2;623
1827;1;1;2;2;1;1;2;953
1828;1;1;2;4;1;1;2;1028
1829;1;2;2;2;1;1;2;460
1830;1;1;2;4;1;1;1;328
1831;1;2;2;4;1;1;1;1583
1832;1;1;2;2;2;1;2;604
1833;1;2;2;3;1;1;1;2018
1834;1;1;2;2;1;1;2;903
1835;1;1;2;2;1;1;2;581
1836;1;3;1;3;1;1;1;141
1837;1;2;3;1;2;1;2;170
1838;1;3;2;2;1;1;2;603
1839;1;3;2;2;3;1;2;165
1840;1;3;2;4;1;1;3;282
1841;1;3;2;2;1;1;2;500
1842;1;2;3;1;3;1;2;202
1843;1;2;2;3;2;1;1;409
1844;1;3;1;1;3;2;1;220
1845;1;2;2;2;1;1;2;157
1846;1;3;2;2;1;1;3;599
1847;1;2;3;1;2;2;1;333
1848;1;1;2;3;1;1;2;1007
1849;1;2;2;3;1;1;2;2275
1850;1;2;2;3;1;1;2;1370
1851;1;3;2;4;1;1;2;479
1852;1;3;2;2;1;1;2;381
1853;1;1;2;3;1;1;2;716
1854;1;1;1;2;1;1;1;790
1855;1;1;2;3;1;1;2;756
1856;1;2;2;3;1;1;2;1416
1857;1;2;2;4;1;1;1;1009
1858;1;1;2;3;1;1;1;583
1859;1;1;2;3;1;1;2;752
1860;1;3;2;2;1;1;1;68
1861;1;2;2;3;1;1;2;461
1862;1;1;2;3;1;1;1;368
1863;1;1;2;5;1;1;2;417
1864;1;2;2;3;1;1;2;906
1865;1;2;2;3;1;1;2;1595
1866;1;2;3;1;3;1;2;186
1867;1;3;2;3;1;1;1;229
1868;1;3;2;2;1;1;1;506
1869;1;3;1;2;1;1;3;877
1870;1;1;2;4;1;1;2;623
1871;1;2;1;4;1;1;1;1822
1872;1;2;2;2;1;1;1;1861
1873;1;2;1;3;1;1;1;356
1874;1;1;1;3;1;1;2;735
1875;1;3;1;2;3;1;2;539
1876;1;1;2;2;2;1;1;401
1877;1;3;2;3;1;1;1;475
1878;1;3;1;2;1;1;2;613
1879;1;1;2;1;1;1;2;778
1880;1;1;2;3;1;1;2;1028
1881;1;1;2;4;1;1;2;925
1882;1;2;2;3;1;1;1;1392
1883;1;1;2;4;1;1;2;1083
1884;1;1;2;3;1;1;3;302
1885;1;1;2;3;1;1;2;752
1886;1;1;2;3;1;1;1;252
1887;1;1;2;2;1;1;2;602
1888;1;2;1;2;1;1;2;2126
1889;1;3;1;3;1;1;1;202
1890;1;3;2;3;3;1;2;129
1891;1;2;2;2;1;1;2;345
1892;1;3;1;3;1;1;1;763
1893;1;3;1;1;3;2;1;219
1894;1;1;1;3;1;1;1;330
1895;1;1;2;5;1;1;3;419
1896;1;1;2;2;3;1;2;596
1897;1;2;2;2;1;1;2;1160
1898;1;1;2;4;1;1;3;366
1899;1;3;1;3;1;1;1;649
1900;1;3;2;1;3;1;2;708
1901;1;3;1;3;1;1;2;572
1902;1;2;1;3;1;1;1;531
1903;1;2;2;7;1;1;1;1159
1904;1;1;2;2;1;1;2;1119
1905;1;1;2;3;1;1;1;199
1906;1;1;2;4;1;1;2;672
1907;1;2;2;4;1;1;1;509
1908;1;1;2;2;1;1;2;953
1909;1;1;2;4;3;1;2;601
1910;1;2;2;3;1;1;1;1857
1911;1;1;2;3;3;1;2;716
1912;1;2;2;2;1;1;2;905
1913;1;1;2;2;3;1;2;866
1914;1;3;1;3;1;1;2;126
1915;1;1;2;3;1;1;2;716
1916;1;2;1;1;3;1;2;288
1917;1;1;2;3;3;1;2;626
1918;1;2;2;2;1;1;2;1378
1919;1;2;2;4;2;1;1;168
1920;1;2;2;3;1;1;2;1444
1921;1;2;2;3;1;1;1;368
1922;1;3;2;2;1;1;2;59
1923;1;1;2;4;1;1;2;100
1924;1;2;2;2;1;1;2;1253
1925;1;1;2;4;1;1;2;742
1926;1;2;1;4;1;1;1;409
1927;1;2;2;3;1;1;2;1159
1928;1;2;2;4;1;1;1;387
1929;1;2;2;4;1;1;1;524
1930;1;3;1;2;1;1;1;544
1931;1;1;2;3;1;1;2;581
1932;1;2;2;2;1;1;2;1464
1933;1;2;3;1;3;1;2;192
1934;1;3;1;3;1;1;1;569
1935;1;2;2;1;2;2;1;1120
1936;1;2;2;2;1;1;1;1741
1937;1;2;2;3;1;1;1;1248
1938;1;2;2;3;1;1;1;583
1939;1;3;2;2;1;1;2;238
1940;1;1;2;3;1;1;2;1127
1941;1;2;2;1;2;1;2;146
1942;1;1;1;4;1;1;1;352
1943;1;2;1;7;1;1;2;575
1944;1;3;2;3;1;1;1;182
1945;1;1;2;4;2;1;2;1128
1946;1;3;1;3;1;1;1;494
1947;1;2;2;3;3;1;3;1594
1948;1;2;2;1;3;1;2;1611
1949;1;3;2;3;1;1;2;117
1950;1;3;2;1;1;1;2;549
1951;1;2;2;3;1;1;2;538
1952;1;2;2;4;1;1;1;546
1953;1;3;2;2;1;1;1;461
1954;1;2;2;2;1;1;2;1932
1955;1;2;2;3;1;1;1;836
1956;1;2;2;3;1;1;1;1357
1957;1;2;2;3;1;1;2;1415
1958;1;1;2;3;1;1;2;417
1959;1;3;2;1;1;1;2;506
1960;1;1;2;3;1;1;2;1002
1961;1;1;1;3;1;1;1;318
1962;1;1;2;3;1;1;1;403
1963;1;2;1;4;1;1;1;1357
1964;1;1;1;7;1;1;1;345
1965;1;3;2;3;1;1;2;476
1966;1;2;1;4;1;1;1;655
1967;1;3;1;4;3;1;3;236
1968;1;3;2;3;1;1;3;932
1969;1;3;2;3;2;1;2;529
1970;1;3;1;4;1;1;1;116
1971;1;1;2;4;1;1;2;896
1972;1;1;2;3;1;1;1;315
1973;1;3;2;3;1;1;1;541
1974;1;3;2;3;1;1;2;530
1975;1;3;2;4;1;1;2;475
1976;1;2;2;3;1;1;2;358
1977;1;3;1;3;1;1;1;589
1978;1;2;2;3;1;1;1;1854
1979;1;2;3;1;2;2;3;197
1980;1;2;2;2;1;1;2;586
1981;1;1;2;4;1;1;1;425
1982;1;2;2;3;1;1;1;546
1983;1;2;2;2;2;1;2;1369
1984;1;3;1;3;1;1;1;1282
1985;1;1;2;4;1;1;2;568
1986;1;1;2;4;1;1;2;556
1987;1;1;2;1;1;1;2;542
1988;1;1;2;3;1;1;2;124
1989;1;1;1;3;1;1;1;353
1990;1;3;2;3;1;1;3;780
1991;1;2;1;6;3;1;3;410
1992;1;2;2;2;1;1;2;2002
1993;1;1;2;5;1;1;3;118
1994;1;3;2;2;1;1;2;463
1995;1;2;2;2;1;1;2;1933
1996;1;3;2;4;1;1;1;43
1997;1;3;2;3;1;1;1;56
1998;1;1;2;3;2;1;1;229
1999;1;1;2;5;1;1;1;51
2000;1;3;1;2;1;1;2;127
2001;1;3;1;2;1;1;2;599
2002;1;1;2;3;1;1;2;1007
2003;1;2;2;2;1;1;2;628
2004;1;2;2;3;2;1;2;392
2005;1;1;2;3;3;1;1;60
2006;1;2;2;2;3;1;2;1517
2007;1;1;2;3;3;1;2;716
2008;1;2;2;2;1;1;2;1329
2009;1;3;1;4;1;1;1;494
2010;1;1;2;2;3;1;2;601
2011;1;3;1;3;1;1;1;145
2012;1;2;1;3;1;1;2;1367
2013;1;2;2;3;1;1;2;358
2014;1;2;2;2;3;1;2;376
2015;1;3;3;1;2;1;2;340
2016;1;3;2;2;1;1;2;686
2017;1;2;2;2;3;1;2;359
2018;1;2;2;2;1;1;2;557
2019;1;2;2;3;1;1;2;376
2020;1;1;2;6;1;1;1;62
2021;1;1;2;3;1;1;2;600
2022;1;3;1;3;1;1;1;531
2023;1;2;3;1;2;2;1;112
2024;1;1;2;3;1;1;2;716
2025;1;1;2;4;1;1;1;412
2026;1;1;2;2;1;1;2;806
2027;1;2;2;1;2;1;2;1127
2028;1;3;2;2;1;1;3;496
2029;1;3;1;2;1;1;1;118
2030;1;1;2;4;1;1;2;918
2031;1;3;2;5;1;1;1;471
2032;1;1;2;4;1;1;2;877
2033;1;2;2;3;1;1;2;2275
2034;1;2;2;3;1;1;2;776
2035;1;2;3;1;2;1;2;130
2036;1;3;2;3;1;1;2;892
2037;1;3;1;3;1;1;2;166
2038;1;2;2;2;1;1;1;373
2039;1;2;2;1;1;1;2;604
2040;1;2;2;3;2;1;2;1782
2041;1;1;2;2;1;1;2;543
2042;1;2;2;2;3;1;2;1819
2043;1;3;1;3;1;1;2;198
2044;1;1;2;2;2;1;2;595
2045;1;1;2;3;1;1;2;550
2046;1;2;1;5;1;1;2;162
2047;1;2;2;3;1;1;2;152
2048;1;1;2;4;1;1;2;801
2049;1;1;2;3;1;1;2;447
2050;1;3;1;5;1;1;3;147
2051;1;2;2;2;1;1;2;558
2052;1;1;2;4;1;1;2;462
2053;1;2;2;4;1;1;1;458
2054;1;1;2;2;2;1;2;978
2055;1;1;2;5;1;1;3;623
2056;1;1;2;3;1;1;2;645
2057;1;2;1;3;1;1;2;358
2058;1;2;2;5;1;1;1;181
2059;1;2;2;3;1;1;2;485
